procs -----------memory---------- ---swap-- -----io---- -system-- ------cpu-----
 r  b   swpd   free   buff  cache   si   so    bi    bo   in   cs us sy id wa st
 2  0     12 675600 543768 1655268    0    0    24    29  410  364 29  9 61  0  0
 1  0     12 668408 543768 1655268    0    0     0    44 1511 2175  6  3 90  1  0
 0  0     12 658116 543768 1655256    0    0     0     0 1118 1614  5  3 93  0  0
 1  0     12 647452 543768 1655256    0    0     0     0 1210 1801  5  2 93  0  0
 0  0     12 637284 543768 1655256    0    0     0     0 1124 1585  3  1 96  0  0
 0  0     12 627364 543768 1655256    0    0     0     0 1093 1599  5  3 92  0  0
 0  0     12 617196 543768 1655256    0    0     0    20 1172 1700  5  3 91  1  0
 0  0     12 606780 543768 1655196    0    0     0     0 1142 1612  5  2 93  0  0
 0  0     12 596488 543768 1655192    0    0     0     0 1087 1561  5  2 93  0  0
 1  0     12 586072 543768 1655192    0    0     0     0 1216 1845  5  3 92  0  0
 0  0     12 575656 543768 1655252    0    0     0     0 1234 1805  2  1 97  0  0
 0  0     12 676324 543776 1655488    0    0     0    56 1568 2635  7  4 88  2  0
